%YAML:1.0
---
image-width: 640
image-height: 480
error: 7.4608772993087769e-01
camera-matrix: !!opencv-matrix
   rows: 3
   cols: 3
   dt: d
   data: [ 7.4746994596859281e+02, 0., 2.0034292173257424e+02, 0.,
       7.3141128187241156e+02, 2.1739174541640278e+02, 0., 0., 1. ]
distortion-coefficients: !!opencv-matrix
   rows: 1
   cols: 5
   dt: d
   data: [ -1.5055384268151512e-01, 1.1715452748073647e+00,
       -7.4631573334834845e-03, -5.4664078626893826e-02,
       -2.1068874152890498e+00 ]
